( -82 46 -121 )
( 33 72 -81 )
( 53 -127 96 )
( -75 41 -39 )
( 120 99 72 )
( -32 -111 112 )
( -28 42 -72 )
( 103 -99 62 )
( 77 37 -88 )
( 121 79 19 )
( -91.75 97 34 )
( -99 -28 3 )
( 110 1e13 -30 )
( 9 13 -32 )
( -89 30 -74 )
( -109 -59 -31 )
( 57 37 0 )
( 21 -103 50 )
( -9 74 -107 )
( -37 122 -38 )
( 40 -101 -68 )
( 104 -116 49 )
( 19 85 hello )
( -58 44 125 )
( 61 -80 99 )
( this that another )
( 5 -46 114 )
( 107 -116 -23 )
( 98 33 25 )
( -10 126 95 )
( 1 )
( 0 -119 )
( -77 -98 -25 72 )
( -5 81 -46 )
( -20 -34 121 )
( 43 -42 -108 )
( 65 -71 -42 )
( -28 -103 34 )
( -76 -104 -97 )
( 127 70 60 )
( 49 -91 -121 )
( 3 102 -116 )
( 80.32 -89.7 -120F )
( -96 -124 -16 )
-105 -102 10 )
( -23 -101 116 )
( -84 -18 )
( -107 94 70
( -66 -51 -117 )
( 52 -98 67 )

