( -28 -18 -46 -94 104 )
( -6 34 1 -108 -7 )
( -32 73 -28 125 -15 )
( 46 -34 57 53 22 )
( -32 12 62 -23 -96 )
( 15 109 -68 -62 122 )
( -41 37 -125 115 -68 )
( 63 63 -99 -95 -125 )
( 32 -42 -40 16 69 )
( -73 -74 -6 90 71 )
( 123 23 -105 106 -54 )
( -127 102 14 -20 -74 )
( 85 0 87 -121 -12 )
( -107 125 -70 93 73 )
( -54 -76 -80 -30 127 )
( 125 4 29 42 14 )
( 70 56 -7 70 -48 )
( -72 -127 -25 77 29 )
( 104 -92 111 49 31 )
( -71 -75 24 -56 -70 )
( -113 -28 37 73 -70 )
( 70 -94 75 -19 -44 )
( 115 -96 8 -22 39 )
( 4 88 126 -35 -29 )
( 85 -128 -36 -79 -49 )
( -94 -40 -56 -15 124 )
( 76 -7 -116 -7 -31 )
( 44 29 -128 -110 13 )
( 105 13 68 3 54 )
( -28 87 31 -30 -13 )
( 101 -108 4 95 122 )
( 41 21 -105 -62 17 )
( -49 33 81 99 111 )
( 80 -114 -82 -102 -32 )
( 61 26 -40 17 79 )
( -107 -65 55 106 73 )
( 9 -37 116 66 37 )
( -44 -112 60 72 126 )
( 108 79 102 110 86 )
( -64 100 -79 54 118 )
( -2 -49 52 4 46 )
( -9 57 60 -108 -105 )
( 78 14 -28 61 -63 )
( -12 40 -72 -119 48 )
( 83 -36 119 -123 -81 )
( 102 84 42 96 82 )
( -127 27 89 47 113 )
( 15 44 40 -101 -41 )
( 106 65 -68 58 -84 )
( -46 4 -101 34 3 )
( 110 33 66 -102 -54 )
( 17 -28 76 74 -51 )
( -95 -105 -23 122 10 )
( 46 -53 -63 -16 100 )
( 54 39 -53 108 -89 )
( -27 -10 13 -58 -92 )
( 14 -72 100 -40 1 )
( -68 -1 -42 20 127 )
( -3 -14 94 -121 -117 )
( 125 -84 -93 8 119 )
( -55 126 0 28 118 )
( -120 102 -90 -23 95 )
( 66 73 55 -47 21 )
( -118 -30 -52 -64 -45 )
( 24 -27 -70 -62 -13 )
( 111 -3 74 41 -74 )
( 58 -48 124 16 -106 )
( 41 -57 -101 -86 113 )
( 9 -15 -127 -57 99 )
( -94 121 117 -40 37 )
( 66 105 -70 36 85 )
( -54 -85 -66 -28 -46 )
( 60 110 86 -64 4 )
( -44 -52 -6 -107 49 )
( -128 -12 -12 69 -60 )
( 18 -21 88 -14 -56 )
( -50 -22 -31 7 -74 )
( 11 -22 -119 98 60 )
( 88 5 -13 -18 120 )
( -84 -17 -70 13 96 )
( -17 -97 -85 54 116 )
( -71 -30 79 -115 -89 )
( 19 -124 -100 123 20 )
( -64 -12 -92 39 112 )
( 61 -39 114 28 -21 )
( -36 -12 -76 26 -36 )
( 110 -127 1 -62 -50 )
( -27 38 -3 121 -98 )
( -33 -29 74 81 -124 )
( -128 -65 -116 -42 -119 )
( 73 -87 124 -9 101 )
( 37 126 -122 -87 16 )
( 124 127 -119 19 -25 )
( 69 -84 -100 44 -36 )
( 6 -74 -88 74 47 )
( -111 63 -99 -15 -113 )
( -9 1 21 -20 -112 )
( 57 97 104 120 42 )
( -69 -96 -89 -92 -97 )
( 52 -24 -33 -31 -103 )

