( -60 -1 )
( 119 6 )
( 26 116 )
( 50 18 )
( 4 13 )
( -84 -22 )
( -9 -8 )
( -127 -2 )
( -17 -19 )
( -117 -77 )
( 27 -114 )
( 70 77 )
( 1 -128 )
( 31 7 )
( 68 119 )
( 12 40 )
( 41 36 )
( 8 73 )
( -35 -61 )
( 123 -15 )
( -31 -14 )
( -84 73 )
( 126 -70 )
( 81 -19 )
( -70 -116 )
( 100 66 )
( -75 47 )
( 7 15 )
( -66 57 )
( 46 109 )
( 107 26 )
( 118 71 )
( 31 -78 )
( -111 -105 )
( 102 35 )
( -64 30 )
( -111 -81 )
( -67 89 )
( -24 -51 )
( 44 14 )
( -21 91 )
( 17 -46 )
( -1 -35 )
( 91 -117 )
( -2 23 )
( 115 37 )
( 110 24 )
( 41 66 )
( 114 -17 )
( -33 24 )
( -70 -84 )
( 91 30 )
( 43 -1 )
( 15 -23 )
( -82 -122 )
( -124 39 )
( -87 -20 )
( 24 40 )
( 124 92 )
( 120 -12 )
( 26 -42 )
( -106 87 )
( -49 -112 )
( -127 66 )
( -110 -31 )
( -123 -91 )
( 121 -26 )
( -51 87 )
( 87 -80 )
( 39 -14 )
( -57 23 )
( 17 -44 )
( -103 5 )
( 34 -65 )
( -5 47 )
( -61 -13 )
( 38 34 )
( 39 -53 )
( 31 55 )
( 12 4 )
( 91 75 )
( -118 -69 )
( -6 50 )
( -21 -49 )
( -43 83 )
( -89 51 )
( -63 83 )
( -54 111 )
( 124 -70 )
( 43 -96 )
( 10 29 )
( -128 8 )
( -47 -124 )
( -72 -53 )
( 8 87 )
( 62 -90 )
( 119 -39 )
( -45 -2 )
( -118 -62 )
( 12 108 )

