( -6.965394e+06 -4.214765e-26 2.160590e+36 )
( 4.078487e-36 -1.697076e-23 8.094267e+00 )
( 3.411142e-36 1.454703e-30 1.245342e+22 )
( -4.041296e-30 2.266090e-17 -2.814273e+35 )
( 9.910809e-17 -1.789495e+37 -2.283845e-30 )
( -5.758614e+12 -6.126046e+26 -7.846566e-13 )
( -6.474837e-03 1.885642e+25 -5.438966e-29 )
( 2.313250e+27 -1.742223e-17 -1.077658e-04 )
( 2.057960e-04 -2.913104e+06 -1.139183e-32 )
( 2.237299e+19 -1.132980e+22 -4.981193e+29 )
( 5.502105e-12 -3.571450e+05 -1.251320e+09 )
( 1.617833e-09 -3.984803e-20 -2.954309e+26 )
( 1.115861e-07 1.973429e+38 5.581270e-19 )
( 6.341838e-01 -5.035040e-14 -2.060476e+04 )
( 2.714563e+02 2.339914e-27 2.581311e-02 )
( 5.296315e+10 1.395770e-33 -2.293022e+09 )
( 2.093607e+13 5.661398e-38 3.486292e+16 )
( -4.777966e-14 6.055533e+25 5.585238e+37 )
( -1.508602e-15 -6.043301e+25 -9.051605e-34 )
( -7.923665e-15 3.278701e-28 4.753214e-08 )
( -4.104311e+15 7.774835e+00 1.081616e-08 )
( 1.357735e+28 1.081265e+05 -5.089457e-17 )
( 4.719854e-15 -2.969522e-13 -1.205678e-23 )
( 1.462291e+06 4.952601e+23 -6.508503e+34 )
( 2.931243e+22 -2.397310e-03 9.037350e-36 )
( 4.485860e+30 -2.223477e+01 2.450123e-09 )
( 2.174118e+01 2.638310e-24 3.291915e+33 )
( 5.277689e+20 -8.151777e+22 -8.043644e+11 )
( 3.379470e-05 -1.543169e-03 -1.131864e-17 )
( 1.578314e+22 1.257149e-33 2.844092e+38 )
( 5.811622e-01 3.618280e+20 2.902146e+24 )
( 5.588613e+04 -3.426794e+24 -9.423031e+19 )
( 1.512105e+10 3.137031e-24 4.202863e-08 )
( 2.677212e+01 1.987612e-27 9.976054e+09 )
( 1.410144e-34 -3.485673e+36 1.942413e+07 )
( 8.771618e-20 1.531032e-19 -1.413367e+35 )
( -1.232043e-20 5.000747e-33 1.882114e+31 )
( -5.256434e+22 -1.305802e+34 -2.263122e-09 )
( -4.141227e+36 -7.021850e-09 1.078906e+19 )
( 1.584645e+04 5.728904e+10 5.806913e-30 )
( -2.544828e-04 -5.817723e-14 4.665149e-38 )
( 1.487291e+35 -3.525761e+12 3.381123e+25 )
( -6.468733e-24 -3.241893e-13 -1.684006e-25 )
( 2.100852e-34 1.260376e+11 -1.619804e-19 )
( -1.428186e-15 -3.330194e-37 1.753495e-28 )
( 1.701486e-17 6.117645e+12 -5.352592e-17 )
( 1.513525e+10 9.228508e+07 -2.477177e-12 )
( 8.460688e-04 -1.477387e+32 -8.720824e-05 )
( 7.951319e-29 -9.898341e+04 2.467026e-23 )
( -2.498136e-05 3.147687e+20 -4.060802e-11 )
( 2.290838e+11 -2.048709e-23 -2.019779e-05 )
( 1.087421e-27 -1.030656e-34 -2.954031e+04 )
( -8.809293e-02 1.900625e+00 -1.941065e+01 )
( 1.416991e+20 5.736272e+32 1.078221e+31 )
( 1.573068e-14 -2.758595e+29 -3.139391e-02 )
( -3.508198e-13 -8.672986e+11 4.833582e-09 )
( -1.374980e-34 6.280863e+14 -2.438187e+08 )
( -2.434937e-08 3.845355e+00 6.573803e-13 )
( -5.557482e+19 2.469720e-33 2.483186e-15 )
( -4.318373e-26 1.733179e-06 -4.380106e+20 )
( 1.739100e+13 -1.105598e+12 3.238886e+06 )
( -5.799096e-38 1.347594e+11 1.436686e+05 )
( -1.407252e-15 4.104306e-26 2.228149e+14 )
( 5.038434e-10 5.483755e-10 -1.355535e-07 )
( 2.718499e+31 -4.713849e-26 -4.672436e+21 )
( -1.410434e+21 -2.062641e+33 -8.099852e+13 )
( 1.119286e+29 4.575256e+13 -3.965152e+11 )
( 1.702561e-32 -2.907685e-23 4.479535e-37 )
( 9.440044e+34 -9.367273e+05 1.739129e+19 )
( -5.563720e+00 1.694400e-07 -1.844892e-14 )
( 5.608631e-06 -1.295741e-34 4.484598e-04 )
( -1.632405e-38 -5.589949e-03 -8.763018e+10 )
( -1.026227e-03 3.675417e+29 -2.568101e-02 )
( -5.488988e-14 -2.025401e+03 2.700414e+16 )
( 1.275977e-32 1.193348e-17 -1.425915e+33 )
( -1.286258e-32 5.715514e+36 -2.236586e-29 )
( 1.692173e-03 5.398163e-02 -1.802712e-07 )
( -2.571223e-07 1.496519e-25 -1.484674e+22 )
( 1.390640e-37 3.869650e+10 2.293974e+23 )
( -1.007547e+12 -3.470343e+25 -1.566012e-35 )
( -7.537989e+22 -1.387363e-34 -2.255696e-26 )
( -1.537466e-25 1.949781e+02 4.577001e+26 )
( -1.272380e+02 4.467994e+24 1.167458e-11 )
( -1.448521e+02 1.991669e+27 1.201716e+08 )
( -2.628350e+34 9.681268e-05 -3.511441e+13 )
( -1.754105e+13 -1.690235e+10 -3.268903e-28 )
( 1.569125e-01 -3.957928e-24 -5.672576e+02 )
( 3.524149e+26 -1.740130e-03 -2.212360e+27 )
( -3.494885e+35 -2.806216e-31 -1.632331e-15 )
( 1.626922e-11 -2.075029e+32 2.017942e+09 )
( 3.317766e+09 -2.446869e+19 2.033447e-30 )
( 1.247691e+31 -5.389739e+28 -1.075850e-01 )
( -1.796434e-30 9.844980e-16 2.205869e-19 )
( -1.590318e+02 -2.130644e+36 2.510489e+16 )
( -7.034782e-38 -2.857683e+04 5.982803e+36 )
( -2.475845e-16 -8.718313e+12 2.584798e-07 )
( -1.459726e+05 -3.205032e-29 2.424571e+00 )
( 1.213463e+31 5.334440e+15 2.173591e+04 )
( -1.138563e-24 7.200104e+01 7.084115e+19 )
( -1.464301e-27 -1.174614e-21 -6.274563e+13 )

