( -9.268713e+10 1.901516e-35 )
( 1.525756e-02 3.147537e-06 )
( 2.535487e+21 6.472965e+12 )
( -3.817782e+29 3.268566e-29 )
( 5.762478e-33 -7.438083e+02 )
( -1.207179e+24 -1.043669e-18 )
( -3.922950e+10 2.977668e+16 )
( 2.739488e+32 1.711741e+35 )
( 7.917657e-31 -3.027484e+32 )
( 7.548330e+31 1.290568e+04 )
( -3.353584e-03 6.255176e-08 )
( 1.086817e+27 4.412354e+16 )
( -1.455235e+28 -1.662115e+27 )
( 4.048366e+03 5.154344e-06 )
( 1.417175e-15 -9.897975e-23 )
( -9.162249e+16 -7.252389e-09 )
( 8.100662e+08 -3.419850e-08 )
( 1.306362e-06 1.676786e-02 )
( -1.725793e-19 -3.500185e+22 )
( -1.088658e+18 -1.535438e+35 )
( 3.306312e-34 3.662244e+05 )
( -6.928894e+37 8.666115e+27 )
( 5.207257e-05 -5.016978e-03 )
( 1.940484e+24 6.239059e-09 )
( 6.993175e+26 -7.084411e+00 )
( 1.365875e+20 2.690687e+11 )
( 3.728454e-22 -1.353005e-38 )
( 5.401396e-36 2.015787e-05 )
( -4.051299e-35 1.141745e-32 )
( -7.073830e-12 7.872910e+11 )
( 4.180627e+36 -6.574712e-35 )
( 2.423920e-09 5.710648e-30 )
( -8.470183e+26 -4.059039e+09 )
( -9.311305e+17 -1.043293e+37 )
( -1.538249e+25 -1.215099e-05 )
( -9.376407e+33 1.649568e-10 )
( -1.206071e+14 9.506648e-03 )
( -1.226382e-22 -4.072713e-16 )
( -6.624156e+10 1.715951e+32 )
( 8.695046e+20 -4.388458e+09 )
( -1.845328e-24 -4.734983e-07 )
( -5.408479e+23 3.913853e+12 )
( 8.304968e-19 2.220330e-19 )
( 5.844268e+07 -6.090155e+37 )
( -7.707334e-26 2.565546e+10 )
( -2.792279e-27 1.648538e+27 )
( 1.854805e-02 -1.445883e-15 )
( 8.781317e-33 -3.921857e-12 )
( 3.750019e-38 5.692796e-14 )
( 6.922984e-36 5.008598e+05 )
( 1.635590e-03 -8.655251e+15 )
( 1.426316e-12 1.284269e-33 )
( 3.470755e-38 1.730920e-33 )
( -1.617114e-20 -3.854504e-08 )
( 2.173414e+26 -2.216069e-23 )
( 3.649758e-22 5.130273e+01 )
( -1.344239e+13 -1.493295e+04 )
( 2.409665e+02 -9.983528e+29 )
( 6.399822e-03 1.165661e-01 )
( -2.665287e-18 -2.281954e-05 )
( -3.444832e-13 4.922189e-27 )
( 3.635864e+37 -7.352451e+27 )
( 3.087021e-24 9.485661e-25 )
( -2.407418e+27 -1.828660e+09 )
( 2.535663e+17 1.652640e-31 )
( 1.423867e-04 -1.418492e-23 )
( -7.673989e+35 -1.159203e+30 )
( 6.608572e+11 -1.363669e-17 )
( 8.060534e-18 -2.873198e+07 )
( -4.520999e-09 3.382776e-10 )
( -5.390552e+36 1.421704e+19 )
( -1.811014e-31 -8.475413e+28 )
( -3.113111e+37 -7.447450e-20 )
( -1.521381e+29 -6.131035e-37 )
( 3.584431e+05 5.302407e-21 )
( -1.943496e+12 2.844050e-03 )
( 3.057270e+32 -1.409235e-27 )
( 2.400484e-01 2.972937e+29 )
( 1.220384e-22 5.367695e-38 )
( -3.505638e+14 -6.658825e+00 )
( -7.859620e+25 9.124303e+10 )
( -4.223252e-09 1.290066e+29 )
( 5.693451e-11 4.884861e+08 )
( 1.299877e-08 -3.705468e+06 )
( -1.167358e+19 -4.580619e-20 )
( 3.650138e+14 3.049426e-27 )
( 4.969680e-27 1.276735e+33 )
( -2.013767e+35 -2.344763e-32 )
( -1.909562e+24 -9.008631e+35 )
( -2.366617e-01 7.185041e+28 )
( 1.810456e-31 -6.754920e+09 )
( 1.455077e-29 -8.795930e-09 )
( -3.633231e+34 -5.191516e-20 )
( 4.091141e+26 -2.000139e+07 )
( 5.297795e+14 4.017681e+31 )
( 5.878692e+16 1.519972e-15 )
( 3.166486e+34 9.875110e-13 )
( -3.700372e+20 -1.345125e-38 )
( 9.399763e+01 -1.989897e-38 )

