( -127 )
( 121 )
( 49 )
( 111 )
( -32 )
( -79 )
( 28 )
( -45 )
( -56 )
( 91 )
( 12 )
( 60 )
( -6 )
( 81 )
( -33 )
( -13 )
( 98 )
( -65 )
( 106 )
( 124 )
( -107 )
( 7 )
( 79 )
( 101 )
( 77 )
( -85 )
( -54 )
( 111 )
( 17 )
( 28 )
( 6 )
( 79 )
( 107 )
( 22 )
( -29 )
( 39 )
( 18 )
( -77 )
( 100 )
( 124 )
( -110 )
( 13 )
( 28 )
( 108 )
( 17 )
( -76 )
( 68 )
( -109 )
( -28 )
( 81 )
( -86 )
( 93 )
( -98 )
( -44 )
( -38 )
( 123 )
( 8 )
( -93 )
( 32 )
( 33 )
( 62 )
( 25 )
( 0 )
( 117 )
( -54 )
( -21 )
( 86 )
( 106 )
( 36 )
( -100 )
( 19 )
( -76 )
( -105 )
( -2 )
( 58 )
( 57 )
( -78 )
( -111 )
( 58 )
( 118 )
( -77 )
( -9 )
( 12 )
( 115 )
( 81 )
( -35 )
( -59 )
( -111 )
( -88 )
( 72 )
( -29 )
( -64 )
( 41 )
( 35 )
( 48 )
( 49 )
( 51 )
( -77 )
( 87 )
( -4 )

